4294967278,310
4294967278,398
4294967278,361
4294967278,301
4294967278,297
4294967278,25
4294967278,23
4294967278,21
4294967278,20
4294967278,19
4294967278,18
4294967278,17
4294967278,16
4294967278,15
4294967278,14
4294967278,13
4294967278,12
4294967278,11
4294967278,10
4294967278,9
4294967279,575
4294967279,298
4294967279,518
4294967279,260
172,20
4294967279,536
4294967278,344
172,19
4294967279,538
172,18
172,17
172,14
172,12
172,16
172,15
172,13
172,11
172,6
172,5
4294967279,569
172,10
4294967278,254
172,9
4294967279,250
172,8
172,7
4294967278,248
169,17
169,16
169,15
169,5
169,14
169,13
169,6
169,12
169,11
169,10
169,9
169,8
169,7
4294967279,337
4294967278,219
173,5
173,4
173,3
173,2
173,1
4294967279,555
4294967278,207
4294967279,529
4294967278,337
172,4
172,3
172,2
172,1
4294967279,201
4294967278,334
4294967278,311
4294967279,195
4294967279,303
4294967278,412
4294967279,188
4294967279,525
4294967278,306
4294967279,218
4294967294,1009
4294967294,999
4294967294,1014
4294967294,170
4294967294,388
4294967294,1420
4294967294,409
4294967294,1172
4294967294,407
4294967294,178
4294967294,385
4294967294,1005
4294967294,391
4294967294,467
4294967294,402
4294967294,400
4294967278,332
4294967278,180
169,4
169,3
169,2
169,1
4294967278,176
4294967278,389
4294967279,296
4294967279,165
4294967279,164
4294967278,163
4294967278,329
4294967294,1421
4294967294,392
4294967278,374
4294967278,357
166,6
4294967279,156
4294967279,293
166,5
166,4
166,3
166,2
166,1
4294967294,484
4294967279,150
4294967279,545
4294967279,149
165,5
165,4
165,3
165,2
165,1
4294967279,515
4294967278,411
4294967279,562
4294967278,293
4294967279,560
4294967279,140
4294967278,140
4294967279,139
4294967278,138
4294967279,272
4294967279,514
4294967278,277
4294967278,24
4294967278,324
4294967279,286
4294967278,135
4294967279,271
4294967278,22
4294967278,289
4294967279,282
163,5
4294967278,396
163,4
163,3
163,2
163,1
4294967278,286
4294967279,279
4294967279,278
4294967279,265
4294967278,267
4294967294,483
4294967278,351
4294967279,257
161,4
161,3
161,2
161,1
4294967279,256
4294967294,1090
4294967294,1012
4294967294,1088
4294967294,413
4294967294,168
4294967294,406
4294967294,384
4294967294,403
4294967294,414
4294967294,458
4294967294,109
4294967294,418
4294967294,111
4294967294,169
4294967294,460
4294967294,387
4294967278,410
4294967279,573
4294967278,394
4294967279,572
4294967279,571
4294967278,384
4294967278,348
4294967278,382
4294967278,128
4294967278,127
4294967278,255
4294967278,126
4294967278,125
4294967278,124
4294967278,123
4294967278,252
4294967278,251
4294967278,120
4294967278,118
4294967278,117
4294967278,116
4294967278,115
4294967278,114
4294967278,113
4294967278,110
4294967278,108
4294967278,107
4294967278,106
4294967278,105
4294967278,104
4294967278,99
4294967278,97
4294967278,96
4294967278,95
4294967278,94
4294967278,92
4294967278,91
4294967278,89
4294967278,313
4294967278,84
4294967278,82
4294967278,80
4294967278,79
4294967278,78
4294967278,77
4294967278,74
4294967278,72
4294967278,71
4294967278,69
4294967278,68
4294967278,67
4294967278,66
4294967278,65
4294967278,63
4294967278,292
4294967278,59
4294967278,58
4294967278,57
4294967278,56
4294967278,55
4294967278,54
4294967278,53
4294967278,52
4294967278,51
4294967278,50
4294967278,49
4294967278,48
4294967278,47
4294967278,46
4294967278,45
4294967278,44
4294967278,260
4294967278,43
4294967278,42
4294967278,41
4294967278,40
4294967278,39
4294967278,38
4294967278,37
4294967278,36
4294967278,35
4294967278,34
4294967278,33
4294967278,32
4294967278,31
4294967278,30
4294967278,352
4294967278,29
4294967278,28
4294967278,27
4294967278,26
4294967279,174
4294967279,78
4294967279,77
4294967279,76
4294967279,75
4294967279,74
4294967279,301
4294967279,73
4294967279,72
4294967279,71
4294967279,70
4294967279,69
4294967279,68
4294967279,67
4294967279,66
4294967279,65
4294967279,64
4294967279,62
4294967279,61
4294967279,60
4294967279,297
4294967279,58
4294967279,57
4294967279,56
4294967279,55
4294967279,53
4294967279,52
4294967279,51
4294967279,50
4294967279,519
4294967279,49
4294967279,48
4294967279,46
4294967279,45
4294967279,44
4294967279,43
4294967279,42
4294967279,41
4294967279,40
4294967279,291
4294967279,38
4294967279,36
4294967279,35
4294967279,34
4294967279,33
4294967279,32
4294967279,288
4294967279,31
4294967279,30
4294967279,28
4294967279,27
4294967279,26
4294967279,25
4294967279,23
4294967279,22
4294967279,20
4294967279,19
4294967279,17
4294967279,16
4294967279,324
4294967279,14
4294967279,13
4294967279,12
4294967279,11
4294967279,10
4294967279,321
4294967279,533
4294967278,318
159,24
4294967278,253
159,23
159,22
159,18
159,17
159,21
4294967279,249
4294967278,250
159,20
159,19
4294967279,245
159,14
159,12
159,16
4294967278,244
159,15
4294967279,241
159,13
159,11
159,6
159,5
4294967278,240
159,10
4294967279,239
4294967278,238
159,9
4294967278,237
159,8
159,7
4294967278,236
156,20
156,16
156,19
156,14
156,18
156,17
156,15
156,5
156,13
156,6
156,12
156,11
156,10
156,9
4294967278,224
156,8
156,7
4294967278,220
4294967278,218
4294967278,212
4294967278,211
4294967279,311
4294967278,90
4294967279,206
4294967278,205
4294967279,205
4294967278,204
160,5
160,4
160,3
160,2
160,1
4294967278,387
4294967278,392
4294967279,313
4294967278,335
4294967279,199
4294967279,198
4294967278,197
4294967279,197
4294967279,306
4294967278,196
4294967279,196
4294967278,195
4294967279,191
4294967278,193
4294967278,192
159,4
159,2
159,1
4294967279,325
4294967278,191
4294967279,554
4294967279,187
4294967294,1095
4294967278,307
4294967278,185
4294967279,184
4294967278,70
4294967278,333
4294967279,181
4294967278,182
4294967279,182
4294967279,552
4294967279,180
4294967279,179
4294967279,216
4294967279,566
4294967278,173
4294967278,376
4294967278,172
156,4
156,3
156,2
156,1
4294967278,359
4294967279,323
4294967278,358
4294967279,163
4294967294,89
4294967279,162
4294967279,160
